59 99
69 56
29 22
14 95
23 57
14 70
96 18
27 59
43 69
33 32
97 87
80 86
35 85
54 98
60 35
27 80
14 82
81 63
89 57
32 70
68 66
90 90
71 65
14 52
28 41
28 79
69 25
16 15
24 80
10 39
76 13
15 40
84 63
86 84
74 11
11 11
61 47
50 63
17 35
55 11
32 57
47 14
48 57
98 61
43 15
34 12
51 21
27 72
76 71
40 12
93 74
77 85
35 59
22 46
27 20
26 45
81 96
96 14
90 43
91 45
83 76
83 75
62 39
57 79
90 56
83 84
59 15
93 60
88 17
26 70
42 65
65 58
24 91
11 90
32 42
66 60
61 80
17 41
60 82
52 59
51 41
83 22
20 23
64 91
53 54
38 75
53 32
22 52
35 64
17 37
75 33
58 37
35 72
90 17
96 75
60 23
70 83
85 70
65 86
34 12
