12 1716 61156
13 1620 57724
14 1529 54484
15 1443 51426
16 1362 48540
17 1286 45815
18 1214 43244
19 1145 40817
20 1081 38526
21 1020 36364
22 963 34323
23 909 32396
24 858 30578
25 810 28862
26 764 27242
27 722 25713
28 681 24270
29 643 22908
30 607 21622
31 573 20408
32 541 19263
33 510 18182
34 482 17161
35 455 16198
36 429 15289
37 405 14431
38 382 13621
39 361 12856
40 341 12135
41 321 11454
42 303 10811
43 286 10204
44 270 9631
45 255 9091
46 241 8581
47 227 8099
48 215 7645
49 202 7215
50 191 6810
51 180 6428
52 170 6067
53 161 5727
54 152 5405
55 143 5102
56 135 4816
57 128 4545
58 120 4290
59 114 4050
60 107 3822
61 101 3608
62 96 3405
63 90 3214
64 85 3034
65 80 2863
66 76 2703
67 72 2551
68 68 2408
69 64 2273
70 60 2145
71 57 2025
72 54 1911
73 51 1804
74 48 1703
75 45 1607
76 43 1517
77 40 1432
78 38 1351
79 36 1276
80 34 1204
81 32 1136
82 30 1073
0 0 1012
83 28 1012
84 27 956
85 25 902
86 24 851
87 23 804
88 21 758
89 20 716
90 19 676
91 18 638
92 17 602
93 16 568
94 15 536
95 14 506
96 13 478
97 13 451
98 12 426
99 11 402
100 11 379
101 10 358
102 9 338
103 9 319
104 8 301
105 8 284
106 8 268
107 7 253
108 7 239
109 6 225
110 6 213
111 6 201
112 5 190
113 5 179
114 5 169
115 4 159
116 4 150
117 4 142
118 4 134
119 61 127
